C-n10-k4-L8

CUSTOMER NUMBER
10

VEHICLE NUMBER
4

LIMIT
8

COMPATIBILITY SETS
Vehicle 0
2, 3, 6

Vehicle 1
1, 2, 3, 4, 5, 6, 8

Vehicle 2
1, 2, 3, 4, 7, 8, 9

Vehicle 3
2, 3, 6, 9


DISTANCE MATRIX
0.0, 18.0, 20.0, 16.0, 18.0, 15.0, 19.0, 16.0, 18.0, 20.0
18.0, 0.0, 2.0, 3.0, 3.0, 4.0, 5.0, 5.0, 7.0, 7.0
20.0, 2.0, 0.0, 5.0, 3.0, 5.0, 5.0, 6.0, 7.0, 7.0
16.0, 3.0, 5.0, 0.0, 2.0, 1.0, 3.0, 2.0, 4.0, 5.0
18.0, 3.0, 3.0, 2.0, 0.0, 3.0, 2.0, 2.0, 4.0, 4.0
15.0, 4.0, 5.0, 1.0, 3.0, 0.0, 4.0, 2.0, 5.0, 6.0
19.0, 5.0, 5.0, 3.0, 2.0, 4.0, 0.0, 3.0, 2.0, 2.0
16.0, 5.0, 6.0, 2.0, 2.0, 2.0, 3.0, 0.0, 2.0, 4.0
18.0, 7.0, 7.0, 4.0, 4.0, 5.0, 2.0, 2.0, 0.0, 2.0
20.0, 7.0, 7.0, 5.0, 4.0, 6.0, 2.0, 4.0, 2.0, 0.0
